NAME: chlorobenzaldehyde
COMMENT: Newly Identified DDT-Related Compounds Accumulating in Southern California Bottlenose Dolphins, Mackintosh et al., 2015
Num Peaks: 109
50 894;
51 479;
52 46;
53 16;
54 1;
56 4;
58 2;
59 3;
60 40;
61 103;
62 61;
63 42;
65 2;
72 36;
73 150;
74 452;
75 598;
76 345;
77 362;
78 21;
81 1;
83 1;
84 55;
85 80;
86 30;
87 23;
88 1;
89 3;
97 4;
101 1;
104 51;
105 4;
106 1;
108 3;
109 3;
110 9;
111 547;
112 113;
113 169;
114 30;
115 1;
124 1;
139 998;
140 717;
141 362;
142 206;
143 13;
174 1;
217 1;
219 1;
234 1;
246 1;
252 1;
260 1;
281 1;
286 1;
292 1;
294 1;
316 1;
318 1;
319 1;
327 1;
331 1;
335 1;
344 1;
346 1;
384 2;
417 1;
422 1;
428 2;
440 1;
449 1;
489 1;
559 1;
565 1;
577 1;
582 1;
662 1;
737 1;
742 1;
744 1;
752 1;
753 1;
754 1;
756 1;
758 1;
801 1;
823 2;
828 1;
836 1;
849 1;
860 2;
891 1;
895 1;
902 1;
903 1;
909 1;
914 1;
917 1;
926 1;
933 1;
944 1;
945 1;
949 1;
959 1;
969 1;
981 1;
985 1;
993 1;

NAME: unknown 4
COMMENT: Newly Identified DDT-Related Compounds Accumulating in Southern California Bottlenose Dolphins, Mackintosh et al., 2015
Num Peaks: 182
50 90;
51 23;
52 6;
53 2;
56 3;
59 7;
60 73;
61 13;
62 28;
63 23;
65 7;
66 3;
67 3;
70 2;
72 4;
73 11;
74 8;
75 9;
76 91;
77 16;
78 31;
82 342;
83 998;
84 231;
85 630;
86 40;
87 95;
94 2;
95 41;
96 3;
97 29;
99 14;
100 2;
101 3;
104 4;
106 2;
107 3;
110 56;
111 561;
112 185;
113 360;
114 89;
115 59;
116 12;
117 184;
118 8;
119 179;
120 12;
121 43;
122 2;
123 4;
130 13;
132 11;
134 5;
136 11;
138 5;
139 2;
146 4;
147 653;
148 16;
149 634;
150 18;
151 183;
152 5;
153 15;
158 1;
160 2;
162 1;
165 5;
167 6;
170 7;
171 7;
175 3;
176 1;
179 1;
182 1;
187 2;
192 2;
194 1;
205 2;
206 3;
207 5;
209 3;
210 2;
211 2;
218 2;
219 2;
225 2;
227 1;
240 1;
242 1;
243 2;
256 2;
259 2;
261 2;
263 1;
273 2;
284 1;
293 3;
295 4;
310 2;
316 1;
322 1;
324 2;
325 2;
330 1;
340 2;
344 2;
350 1;
353 3;
360 1;
392 2;
403 2;
409 1;
420 2;
451 2;
474 2;
475 1;
481 2;
501 2;
502 1;
511 2;
517 2;
530 2;
547 1;
565 2;
598 1;
605 1;
674 1;
680 1;
689 1;
709 1;
741 1;
743 2;
765 2;
780 1;
782 2;
783 2;
790 2;
791 2;
793 1;
797 2;
798 2;
806 4;
808 1;
809 1;
811 2;
815 2;
818 1;
827 1;
830 2;
831 2;
836 3;
839 1;
840 3;
841 1;
845 1;
846 1;
859 2;
862 2;
864 3;
867 2;
874 1;
875 1;
877 2;
888 1;
889 3;
894 2;
903 2;
910 2;
911 1;
941 1;
955 1;
958 1;
960 1;
962 1;
971 2;
981 2;
982 2;
987 1;
989 2;
999 2;

NAME: DDNS
COMMENT: Newly Identified DDT-Related Compounds Accumulating in Southern California Bottlenose Dolphins, Mackintosh et al., 2015
Num Peaks: 142
50 719;
51 279;
52 134;
55 112;
61 166;
62 107;
63 386;
73 85;
74 445;
75 837;
76 494;
77 596;
78 145;
81 134;
82 370;
86 85;
87 123;
88 150;
89 354;
90 48;
93 75;
97 42;
98 118;
99 177;
100 59;
101 209;
102 112;
103 241;
104 59;
107 48;
108 42;
109 48;
111 112;
112 80;
113 64;
114 64;
115 37;
120 48;
122 32;
125 53;
126 107;
127 37;
128 193;
129 64;
130 48;
132 32;
136 91;
137 96;
138 155;
139 204;
140 37;
141 85;
142 42;
149 64;
150 53;
151 48;
152 155;
163 252;
164 48;
165 999;
166 177;
170 53;
174 37;
178 177;
179 80;
180 64;
182 42;
184 32;
186 48;
193 32;
199 198;
200 139;
201 96;
202 64;
210 37;
211 32;
213 42;
214 32;
215 91;
216 32;
231 37;
234 26;
235 762;
236 102;
237 601;
238 64;
239 75;
242 37;
246 37;
248 64;
249 32;
250 241;
251 53;
252 59;
331 37;
337 37;
344 37;
360 32;
383 26;
425 26;
445 37;
528 37;
530 26;
537 26;
541 42;
542 42;
544 37;
545 26;
546 26;
549 32;
550 26;
564 42;
569 37;
574 32;
576 42;
583 32;
590 26;
613 42;
630 32;
633 26;
642 26;
652 48;
663 42;
669 32;
691 32;
704 37;
729 32;
750 48;
752 32;
753 32;
756 26;
788 32;
789 32;
793 32;
797 32;
804 37;
854 26;
875 42;
887 26;
943 32;
961 53;
985 26;

NAME: DDNU
COMMENT: Newly Identified DDT-Related Compounds Accumulating in Southern California Bottlenose Dolphins, Mackintosh et al., 2015
Num Peaks: 136
50 666;
51 613;
61 136;
62 98;
63 355;
74 287;
75 787;
76 264;
85 68;
86 45;
87 219;
88 696;
89 204;
98 60;
99 121;
101 249;
102 143;
106 128;
107 52;
109 45;
110 60;
112 60;
113 52;
115 83;
122 37;
126 83;
128 105;
136 52;
138 60;
151 98;
152 83;
159 401;
161 295;
162 98;
163 60;
173 52;
176 393;
177 227;
178 999;
179 189;
182 68;
197 45;
198 60;
205 45;
212 128;
213 317;
214 45;
217 52;
227 37;
235 98;
236 90;
238 45;
248 348;
250 249;
251 37;
255 68;
269 60;
271 60;
275 45;
279 37;
282 52;
287 37;
294 45;
301 45;
305 52;
316 52;
318 37;
319 45;
320 45;
322 60;
327 60;
329 60;
331 45;
332 75;
337 60;
360 60;
393 75;
398 68;
403 68;
430 60;
432 45;
436 45;
474 45;
511 52;
516 37;
559 45;
655 45;
701 60;
752 45;
758 45;
764 68;
766 68;
767 60;
769 90;
770 37;
778 45;
779 37;
788 37;
818 37;
819 45;
823 45;
840 52;
842 52;
845 45;
871 45;
874 45;
877 52;
883 52;
894 68;
898 45;
903 52;
907 68;
919 60;
921 90;
926 45;
928 45;
929 68;
931 60;
932 45;
934 52;
949 60;
956 83;
957 45;
958 45;
961 60;
965 68;
967 113;
969 52;
972 60;
973 75;
974 60;
983 60;
991 37;
993 45;
997 52;
1000 60;

NAME: DBP
COMMENT: Newly Identified DDT-Related Compounds Accumulating in Southern California Bottlenose Dolphins, Mackintosh et al., 2015
Num Peaks: 139
50 315;
51 123;
52 8;
53 3;
60 17;
61 29;
63 11;
74 117;
75 612;
76 127;
77 29;
84 14;
85 19;
87 15;
93 22;
96 3;
99 13;
100 4;
108 4;
109 1;
110 1;
111 454;
112 22;
113 132;
114 13;
117 2;
125 3;
126 5;
130 3;
139 998;
140 59;
141 293;
144 2;
150 13;
151 9;
152 27;
160 2;
163 3;
179 1;
197 3;
198 3;
203 3;
204 2;
205 3;
214 7;
215 14;
217 9;
218 6;
220 4;
225 3;
226 3;
227 4;
228 3;
229 3;
230 5;
233 1;
236 3;
238 3;
240 4;
244 6;
245 3;
250 84;
251 8;
252 42;
253 8;
254 4;
255 3;
257 3;
262 3;
267 3;
279 4;
281 3;
290 3;
310 3;
315 4;
321 5;
333 4;
354 3;
361 2;
363 1;
366 7;
372 5;
382 5;
391 2;
400 2;
420 3;
426 3;
427 4;
428 5;
446 3;
468 3;
494 4;
503 3;
518 4;
528 3;
547 2;
555 3;
562 1;
613 3;
639 3;
661 3;
664 3;
680 4;
693 3;
716 2;
726 2;
732 3;
742 3;
745 3;
748 3;
753 3;
759 3;
760 4;
765 3;
767 3;
768 2;
781 4;
787 4;
792 4;
840 3;
843 2;
850 2;
856 2;
859 3;
861 3;
863 1;
871 2;
893 2;
895 4;
915 4;
953 1;
957 3;
960 2;
968 3;
972 3;
976 4;
982 1;
988 4;
993 3;

NAME: DDMU
COMMENT: Newly Identified DDT-Related Compounds Accumulating in Southern California Bottlenose Dolphins, Mackintosh et al., 2015
Num Peaks: 157
50 438;
51 295;
52 21;
55 10;
56 4;
58 1;
59 1;
60 32;
61 112;
62 169;
63 188;
64 12;
65 2;
67 6;
68 8;
69 2;
70 3;
71 2;
72 20;
73 149;
74 399;
75 664;
76 107;
77 38;
78 3;
79 2;
80 10;
81 7;
82 4;
83 2;
84 38;
85 101;
86 122;
87 258;
88 475;
89 22;
90 1;
92 27;
93 90;
94 24;
96 4;
97 48;
98 134;
99 173;
100 64;
101 119;
102 19;
103 1;
104 2;
105 215;
106 145;
107 25;
108 14;
109 33;
110 93;
111 103;
112 17;
113 46;
114 12;
115 2;
120 4;
121 9;
122 29;
123 161;
124 94;
125 64;
126 55;
127 11;
132 2;
133 4;
134 10;
135 32;
136 124;
137 46;
138 58;
139 9;
140 1;
141 3;
142 3;
144 1;
145 1;
146 5;
147 7;
148 11;
149 52;
150 128;
151 93;
152 17;
153 1;
159 2;
160 17;
161 10;
162 14;
163 21;
164 4;
165 2;
170 8;
171 3;
172 8;
173 17;
174 80;
175 116;
176 525;
177 171;
178 29;
179 3;
183 1;
184 7;
185 5;
186 19;
187 4;
188 5;
189 1;
194 1;
196 1;
197 4;
198 4;
199 3;
200 1;
201 1;
209 1;
210 29;
211 81;
212 998;
213 197;
214 334;
215 57;
216 4;
220 1;
233 32;
234 4;
235 21;
236 2;
237 3;
238 1;
245 1;
246 58;
247 165;
248 74;
249 107;
250 30;
251 18;
252 2;
263 1;
266 1;
267 2;
268 1;
270 1;
281 4;
282 371;
283 67;
284 367;
285 60;
286 118;
287 16;
288 11;
289 1;

NAME: unknown 5
COMMENT: Newly Identified DDT-Related Compounds Accumulating in Southern California Bottlenose Dolphins, Mackintosh et al., 2015
Num Peaks: 223
50 293;
51 158;
57 21;
58 25;
60 348;
61 56;
62 135;
63 86;
65 78;
66 13;
68 25;
69 37;
72 35;
73 41;
74 37;
75 493;
82 144;
83 231;
85 105;
86 47;
87 47;
89 25;
90 29;
94 33;
95 105;
96 47;
97 131;
99 115;
102 13;
108 25;
111 771;
113 27;
119 70;
121 13;
127 27;
129 25;
130 74;
131 47;
132 31;
134 31;
141 25;
142 19;
143 33;
146 11;
148 25;
157 11;
160 11;
161 27;
163 19;
165 191;
166 13;
167 231;
168 31;
171 23;
175 999;
176 90;
177 350;
179 37;
181 25;
183 9;
187 15;
195 23;
198 15;
200 15;
204 13;
208 29;
211 17;
218 17;
219 19;
224 13;
225 25;
228 13;
236 17;
237 15;
238 17;
243 11;
244 15;
246 17;
272 13;
277 13;
278 13;
282 5;
286 9;
302 15;
308 15;
328 9;
335 17;
343 17;
355 13;
371 11;
388 9;
394 15;
424 13;
428 11;
431 9;
432 9;
445 11;
449 9;
451 9;
455 11;
459 9;
460 9;
461 13;
465 15;
466 13;
468 5;
474 17;
483 11;
488 11;
496 13;
498 11;
499 9;
506 15;
525 13;
532 11;
546 5;
551 11;
556 13;
564 9;
577 9;
582 11;
586 13;
591 17;
592 19;
593 9;
594 17;
600 15;
601 11;
606 21;
607 9;
610 7;
611 19;
615 25;
619 21;
621 11;
623 13;
627 9;
628 17;
629 9;
634 11;
639 13;
642 15;
644 23;
645 13;
650 21;
652 11;
660 23;
662 11;
667 13;
669 17;
670 11;
675 13;
677 9;
686 13;
687 9;
689 13;
690 15;
696 17;
698 9;
702 27;
704 11;
715 13;
720 9;
721 19;
726 11;
727 13;
731 17;
735 9;
737 13;
739 15;
740 19;
743 11;
745 9;
746 13;
751 17;
754 17;
756 19;
759 13;
765 17;
767 17;
769 19;
774 19;
779 11;
783 19;
784 9;
793 15;
795 9;
800 21;
801 13;
802 9;
807 13;
808 11;
809 15;
811 15;
823 9;
826 15;
827 17;
831 11;
836 9;
837 25;
839 5;
840 17;
842 13;
847 11;
850 13;
852 9;
858 15;
860 7;
865 11;
867 27;
868 13;
872 11;
879 17;
880 11;
901 21;
902 9;
904 21;
912 9;
932 15;
946 11;
966 11;
977 15;
995 11;

NAME: DDE
COMMENT: Newly Identified DDT-Related Compounds Accumulating in Southern California Bottlenose Dolphins, Mackintosh et al., 2015
Num Peaks: 175
50 101;
51 73;
52 4;
55 3;
60 7;
61 37;
62 54;
63 51;
64 3;
67 4;
68 4;
69 1;
70 2;
71 1;
72 8;
73 63;
74 162;
75 188;
76 24;
77 6;
79 3;
80 5;
81 11;
82 11;
83 2;
84 32;
85 55;
86 72;
87 184;
88 113;
89 5;
91 1;
92 32;
93 23;
94 7;
95 1;
96 10;
97 34;
98 92;
99 124;
100 25;
101 14;
102 3;
104 21;
105 267;
106 86;
107 6;
108 19;
109 39;
110 75;
111 66;
112 11;
113 19;
114 7;
115 1;
118 1;
119 1;
120 8;
121 17;
122 125;
123 192;
124 82;
125 54;
126 25;
127 18;
128 16;
129 5;
130 1;
131 2;
132 7;
133 17;
134 28;
135 49;
136 26;
137 47;
138 21;
139 5;
140 79;
141 74;
142 24;
143 3;
144 2;
145 4;
146 11;
147 19;
148 14;
149 56;
150 80;
151 19;
152 2;
157 1;
158 3;
159 8;
160 32;
161 16;
162 20;
163 31;
164 12;
165 1;
169 3;
170 63;
171 14;
172 51;
173 35;
174 172;
175 198;
176 560;
177 88;
178 6;
182 2;
183 4;
184 22;
185 14;
186 14;
187 5;
188 2;
194 2;
195 1;
196 4;
197 8;
198 6;
199 14;
200 3;
201 3;
206 1;
207 3;
208 7;
209 13;
210 155;
211 58;
212 63;
213 19;
214 4;
219 1;
220 8;
221 2;
222 4;
223 1;
231 1;
233 20;
234 4;
235 13;
236 2;
237 2;
244 11;
245 33;
246 998;
247 201;
248 697;
249 117;
250 114;
251 17;
252 1;
267 1;
269 1;
279 1;
280 35;
281 58;
282 49;
283 58;
284 27;
285 21;
286 7;
287 3;
288 1;
315 5;
316 307;
317 60;
318 434;
319 73;
320 212;
321 33;
322 45;
323 6;
324 3;

NAME: DDOH 
COMMENT: Newly Identified DDT-Related Compounds Accumulating in Southern California Bottlenose Dolphins, Mackintosh et al., 2015
Num Peaks: 190
50 241;
51 355;
52 31;
58 25;
59 7;
60 10;
61 62;
62 85;
63 154;
67 9;
68 21;
70 8;
72 10;
73 123;
74 283;
75 502;
76 127;
77 71;
81 26;
82 121;
83 268;
85 125;
86 37;
87 116;
88 267;
89 24;
90 14;
93 20;
94 14;
96 9;
97 19;
98 30;
100 53;
101 137;
102 62;
106 7;
107 17;
108 9;
109 16;
114 17;
119 6;
135 15;
136 33;
137 81;
138 65;
140 14;
148 14;
149 17;
150 31;
151 22;
152 30;
160 17;
161 19;
162 21;
163 95;
164 146;
165 694;
166 34;
167 3;
175 3;
176 93;
177 54;
178 95;
179 6;
191 7;
193 6;
199 290;
200 123;
202 13;
210 3;
213 2;
215 8;
216 6;
220 16;
224 5;
227 5;
228 6;
234 15;
235 998;
236 2;
237 516;
238 53;
239 71;
240 9;
242 8;
245 10;
247 25;
257 7;
260 5;
262 7;
266 7;
273 8;
281 7;
285 10;
288 10;
328 8;
341 10;
342 2;
343 5;
346 3;
347 6;
352 7;
354 9;
366 5;
369 5;
370 9;
374 8;
379 7;
382 6;
384 6;
387 7;
408 10;
413 9;
417 13;
429 6;
437 8;
443 6;
445 8;
447 6;
450 6;
463 8;
492 7;
496 5;
498 3;
505 15;
535 6;
538 5;
542 10;
544 8;
547 6;
554 5;
562 6;
568 6;
572 5;
578 5;
582 8;
596 9;
601 6;
602 5;
608 5;
609 14;
613 13;
626 5;
635 12;
638 8;
645 5;
646 7;
657 8;
662 5;
671 6;
674 6;
679 6;
684 5;
686 9;
688 5;
697 9;
698 6;
701 5;
709 7;
725 7;
726 9;
734 6;
736 6;
738 7;
740 3;
741 6;
747 9;
750 5;
752 5;
755 6;
765 8;
767 7;
782 6;
783 12;
788 7;
794 7;
800 8;
807 8;
811 3;
815 7;
823 5;
836 13;
851 5;
882 6;
892 6;
896 9;
947 7;
959 5;
980 5;
987 4;

NAME: unknown 6
COMMENT: Newly Identified DDT-Related Compounds Accumulating in Southern California Bottlenose Dolphins, Mackintosh et al., 2015
Num Peaks: 135
50 289;
51 52;
60 36;
62 105;
64 12;
66 6;
68 3;
69 10;
72 8;
73 28;
74 221;
75 249;
76 52;
77 122;
82 266;
83 60;
84 214;
85 67;
86 42;
87 148;
89 47;
95 53;
100 26;
101 50;
103 7;
104 17;
111 72;
112 39;
114 7;
117 142;
119 130;
121 5;
130 26;
131 48;
132 87;
134 17;
135 79;
136 291;
137 15;
138 81;
139 161;
141 998;
142 38;
143 114;
145 1;
146 35;
157 3;
159 57;
165 367;
167 352;
169 94;
170 85;
171 48;
172 84;
182 3;
204 1;
205 16;
206 244;
207 85;
208 131;
209 26;
210 28;
222 2;
241 30;
243 39;
245 16;
266 2;
301 2;
304 2;
306 12;
307 95;
308 15;
309 66;
310 6;
313 6;
323 3;
330 3;
374 2;
406 2;
425 2;
436 2;
438 2;
443 2;
451 2;
523 2;
535 2;
536 4;
544 3;
559 2;
568 3;
573 2;
577 3;
586 2;
589 2;
595 3;
596 2;
597 2;
607 3;
610 3;
618 4;
626 3;
636 2;
641 3;
666 2;
673 3;
688 2;
689 3;
690 2;
714 2;
743 2;
744 3;
762 3;
771 3;
774 3;
802 3;
804 2;
814 3;
819 2;
828 2;
847 3;
857 1;
859 3;
895 1;
900 2;
903 2;
904 3;
913 2;
922 1;
952 1;
956 2;
978 2;
988 3;
992 3;
994 1;
1000 2;

NAME: unknown 7
COMMENT: Newly Identified DDT-Related Compounds Accumulating in Southern California Bottlenose Dolphins, Mackintosh et al., 2015
Num Peaks: 129
50 112;
51 130;
53 147;
55 78;
57 27;
60 99;
61 205;
62 133;
63 348;
64 75;
66 37;
67 92;
68 218;
69 85;
71 37;
72 181;
73 239;
74 280;
75 352;
81 27;
82 34;
83 65;
84 205;
85 297;
86 773;
87 239;
89 47;
90 82;
92 44;
94 58;
95 41;
96 126;
97 164;
98 314;
99 136;
100 92;
103 208;
104 164;
105 150;
107 102;
108 205;
109 266;
110 369;
111 164;
112 34;
113 51;
114 47;
118 195;
119 167;
120 106;
121 160;
122 195;
132 23;
133 116;
135 253;
136 208;
137 444;
138 58;
143 30;
149 51;
153 23;
154 23;
158 23;
162 30;
167 30;
171 30;
172 153;
173 437;
174 88;
175 143;
181 20;
188 17;
192 30;
194 30;
195 20;
201 20;
207 297;
208 27;
209 198;
211 65;
218 34;
235 58;
236 999;
237 177;
238 485;
239 54;
240 41;
269 51;
270 636;
271 147;
272 543;
273 106;
274 280;
275 23;
282 34;
305 23;
306 280;
308 390;
309 54;
310 143;
311 23;
410 17;
415 34;
440 20;
450 44;
457 20;
481 20;
489 23;
493 23;
501 20;
510 23;
515 34;
523 17;
544 23;
708 20;
758 27;
791 30;
812 20;
814 17;
818 23;
857 30;
928 20;
935 20;
941 23;
942 27;
946 27;
982 20;
993 34;
997 17;

NAME: trichloroethenylbenzene
COMMENT: Newly Identified DDT-Related Compounds Accumulating in Southern California Bottlenose Dolphins, Mackintosh et al., 2015
Num Peaks: 98
50 508;
51 258;
52 18;
54 4;
55 10;
56 2;
59 3;
60 115;
61 228;
62 240;
63 146;
64 8;
66 4;
67 99;
68 169;
69 43;
70 1;
71 13;
72 69;
73 221;
74 531;
75 460;
76 48;
77 5;
82 23;
83 15;
84 136;
85 338;
86 215;
87 102;
88 12;
89 16;
90 2;
91 1;
94 3;
95 9;
96 46;
97 116;
98 149;
99 421;
100 116;
101 143;
102 13;
103 22;
104 20;
105 6;
106 1;
107 17;
108 54;
109 108;
110 37;
111 51;
112 9;
113 5;
118 4;
119 5;
120 10;
121 21;
122 6;
123 9;
124 1;
125 1;
131 10;
132 4;
133 20;
134 36;
135 289;
136 999;
137 180;
138 311;
139 28;
140 1;
143 1;
144 3;
145 2;
146 29;
147 2;
148 17;
149 1;
150 2;
157 3;
159 2;
169 1;
170 82;
171 748;
172 131;
173 472;
174 57;
175 73;
176 6;
206 585;
207 55;
208 562;
209 52;
210 175;
211 15;
212 18;
213 1;

NAME: DDD
COMMENT: Newly Identified DDT-Related Compounds Accumulating in Southern California Bottlenose Dolphins, Mackintosh et al., 2015
Num Peaks: 152
50 334;
51 248;
52 26;
53 2;
55 10;
56 3;
60 20;
61 69;
62 131;
63 194;
64 16;
65 6;
66 1;
67 5;
68 10;
69 12;
70 3;
71 1;
72 14;
73 107;
74 248;
75 477;
76 103;
77 61;
78 3;
79 2;
80 4;
81 48;
82 180;
83 189;
84 36;
85 181;
86 86;
87 153;
88 206;
89 60;
90 4;
92 6;
93 35;
94 11;
96 5;
97 32;
98 71;
99 119;
100 86;
101 166;
102 98;
103 7;
105 23;
106 44;
107 13;
108 6;
109 20;
110 33;
111 60;
112 22;
113 36;
114 25;
115 20;
116 2;
120 1;
121 5;
122 11;
123 37;
124 15;
125 31;
126 26;
127 9;
128 1;
132 1;
133 2;
134 6;
135 20;
136 82;
137 98;
138 55;
139 55;
140 5;
146 4;
147 4;
148 4;
149 28;
150 54;
151 47;
152 22;
153 2;
159 3;
160 8;
161 12;
162 24;
163 141;
164 141;
165 747;
166 113;
167 7;
170 2;
171 10;
172 16;
173 19;
174 34;
175 41;
176 171;
177 65;
178 83;
179 14;
180 1;
184 2;
185 2;
186 6;
187 2;
188 2;
189 1;
197 1;
198 4;
199 253;
200 154;
201 108;
202 53;
203 9;
204 1;
210 4;
211 5;
212 91;
213 22;
214 34;
215 5;
221 1;
222 1;
233 4;
234 4;
235 998;
236 154;
237 655;
238 99;
239 109;
240 14;
247 9;
248 13;
249 9;
250 5;
251 1;
282 3;
283 2;
284 5;
285 3;
286 1;
318 8;
319 1;
320 11;
321 2;
322 5;
324 1;

NAME: unknown 8
COMMENT: Newly Identified DDT-Related Compounds Accumulating in Southern California Bottlenose Dolphins, Mackintosh et al., 2015
Num Peaks: 90
50 360;
60 141;
63 330;
74 612;
75 794;
76 100;
78 59;
81 29;
82 111;
87 219;
89 59;
94 200;
106 44;
111 300;
112 144;
113 345;
126 33;
129 48;
130 63;
137 40;
139 37;
148 152;
150 92;
151 29;
162 44;
164 137;
172 33;
178 25;
183 999;
184 137;
185 512;
186 144;
187 159;
188 29;
189 237;
190 107;
191 33;
192 29;
199 100;
200 63;
208 25;
214 126;
223 55;
224 33;
225 167;
227 89;
233 11;
234 37;
243 51;
250 63;
252 29;
259 460;
260 85;
261 349;
262 141;
263 48;
268 22;
273 14;
277 11;
295 222;
296 89;
297 219;
299 59;
300 55;
302 18;
428 25;
443 18;
465 29;
487 7;
495 25;
498 25;
501 11;
507 37;
510 29;
512 29;
513 18;
529 22;
544 14;
568 22;
593 7;
617 25;
630 22;
659 25;
694 29;
718 33;
729 33;
867 25;
884 29;
903 37;
908 14;

NAME: dichlorodiphenyl
COMMENT: Newly Identified DDT-Related Compounds Accumulating in Southern California Bottlenose Dolphins, Mackintosh et al., 2015
Num Peaks: 111
50 413;
51 157;
52 7;
53 3;
57 5;
58 4;
60 8;
61 46;
62 30;
63 74;
64 17;
65 6;
68 1;
69 38;
70 10;
71 5;
72 7;
73 101;
74 238;
75 772;
76 126;
77 22;
78 1;
79 15;
80 1;
81 9;
82 8;
83 1;
84 24;
85 87;
86 13;
87 50;
88 3;
89 5;
91 2;
92 1;
93 30;
94 9;
95 22;
96 16;
97 4;
98 6;
99 95;
100 6;
101 32;
102 2;
105 1;
106 2;
107 5;
108 38;
109 6;
110 9;
111 441;
112 57;
113 135;
114 11;
115 19;
117 5;
123 1;
124 10;
125 3;
126 3;
127 35;
128 2;
129 10;
130 1;
131 157;
132 9;
133 54;
134 3;
135 2;
136 1;
138 1;
139 3;
140 1;
142 3;
143 9;
144 2;
145 3;
146 1;
149 2;
150 11;
151 15;
152 27;
153 3;
159 998;
160 72;
161 350;
162 27;
163 13;
168 4;
173 1;
175 17;
176 1;
177 4;
184 2;
185 1;
186 13;
187 2;
188 3;
202 1;
205 1;
222 3;
224 2;
285 1;
286 76;
287 13;
288 57;
289 8;
290 10;
291 1;

NAME: DDT
COMMENT: Newly Identified DDT-Related Compounds Accumulating in Southern California Bottlenose Dolphins, Mackintosh et al., 2015
Num Peaks: 206
50 282;
51 196;
52 13;
55 4;
56 2;
60 10;
61 44;
62 84;
63 129;
64 10;
65 3;
67 3;
68 8;
69 8;
70 3;
71 1;
72 9;
73 81;
74 188;
75 325;
76 53;
77 30;
78 2;
79 1;
80 4;
81 30;
82 138;
83 15;
84 33;
85 60;
86 65;
87 110;
88 134;
89 30;
90 2;
91 1;
92 10;
93 20;
94 6;
95 1;
96 6;
97 26;
98 58;
99 119;
100 56;
101 68;
102 13;
103 1;
104 3;
105 75;
106 62;
107 15;
108 9;
109 21;
110 33;
111 53;
112 15;
113 31;
114 16;
115 14;
116 1;
117 47;
118 2;
119 43;
120 4;
121 20;
122 20;
123 88;
124 42;
125 31;
126 21;
127 8;
128 1;
132 2;
133 7;
134 10;
135 40;
136 108;
137 42;
138 48;
139 28;
140 8;
141 6;
142 3;
143 1;
145 1;
146 8;
147 5;
148 8;
149 22;
150 32;
151 25;
152 10;
153 1;
157 1;
158 1;
159 7;
160 14;
161 13;
162 20;
163 124;
164 122;
165 829;
166 157;
167 14;
168 1;
169 1;
170 23;
171 27;
172 23;
173 29;
174 42;
175 47;
176 169;
177 46;
178 17;
179 3;
180 1;
182 1;
183 2;
184 6;
185 5;
186 9;
187 3;
188 3;
189 2;
190 1;
191 1;
193 1;
194 1;
195 1;
196 2;
197 5;
198 6;
199 215;
200 108;
201 95;
202 45;
203 10;
204 2;
205 1;
206 16;
207 3;
208 16;
209 4;
210 32;
211 15;
212 134;
213 28;
214 40;
215 8;
216 1;
217 1;
218 1;
219 1;
220 2;
221 2;
222 2;
223 1;
224 2;
225 1;
226 1;
227 1;
228 1;
233 5;
234 6;
235 998;
236 194;
237 896;
238 138;
239 148;
240 19;
241 1;
244 1;
245 2;
246 84;
247 34;
248 63;
249 22;
250 14;
251 4;
280 4;
281 12;
282 40;
283 20;
284 38;
285 11;
286 13;
287 2;
288 1;
316 18;
317 17;
318 28;
319 22;
320 16;
321 11;
322 5;
323 2;
352 16;
353 3;
354 27;
355 4;
356 16;
357 2;
358 5;
359 1;

NAME: TCPM
COMMENT: Newly Identified DDT-Related Compounds Accumulating in Southern California Bottlenose Dolphins, Mackintosh et al., 2015
Num Peaks: 329
50 462;
51 294;
52 32;
56 17;
60 45;
61 73;
62 157;
63 304;
64 14;
65 17;
67 9;
69 13;
72 4;
73 136;
74 134;
75 660;
76 114;
77 128;
79 44;
80 14;
81 49;
82 97;
83 32;
84 37;
85 106;
86 56;
87 132;
88 51;
89 65;
90 14;
91 8;
93 6;
94 24;
95 15;
97 34;
98 61;
99 112;
100 55;
101 40;
102 8;
103 7;
105 18;
106 42;
107 45;
109 19;
110 49;
111 152;
112 120;
113 120;
114 85;
115 36;
116 6;
117 19;
118 87;
119 310;
120 358;
121 15;
122 5;
123 36;
124 10;
125 48;
126 12;
127 23;
130 6;
131 5;
132 10;
133 4;
134 12;
136 15;
137 61;
138 60;
139 63;
140 9;
143 3;
146 4;
148 5;
149 42;
150 38;
151 22;
152 10;
154 4;
155 8;
156 11;
160 4;
161 30;
162 41;
163 457;
164 340;
165 816;
166 124;
167 24;
168 3;
170 4;
172 2;
173 21;
174 3;
175 72;
176 24;
177 24;
178 9;
182 6;
183 9;
184 9;
185 6;
186 16;
187 27;
188 21;
189 14;
191 7;
194 6;
199 998;
200 221;
201 322;
202 52;
204 4;
210 6;
211 22;
212 11;
213 27;
215 6;
221 8;
225 15;
226 9;
229 6;
232 6;
233 60;
234 24;
235 182;
237 173;
238 59;
239 192;
240 112;
241 100;
242 30;
248 6;
249 9;
251 6;
257 3;
258 9;
259 4;
262 9;
266 7;
270 8;
273 13;
274 7;
275 86;
276 67;
277 57;
278 24;
279 15;
281 6;
283 4;
284 2;
285 6;
287 6;
291 3;
295 3;
298 7;
309 6;
310 3;
311 579;
312 161;
313 339;
314 104;
315 61;
316 10;
317 4;
334 6;
336 5;
339 4;
345 7;
346 117;
347 30;
348 138;
349 37;
350 33;
351 11;
352 11;
353 3;
355 3;
356 4;
369 9;
370 6;
384 6;
385 4;
387 5;
394 3;
423 3;
444 6;
450 5;
455 3;
459 4;
463 5;
468 6;
469 4;
474 5;
491 6;
497 4;
501 7;
502 2;
503 6;
505 6;
518 5;
527 6;
529 5;
533 4;
536 4;
540 5;
546 3;
554 5;
559 6;
562 6;
565 8;
594 3;
599 6;
602 4;
605 6;
610 6;
613 4;
616 5;
617 2;
618 3;
622 3;
630 6;
632 5;
634 6;
637 7;
639 3;
642 7;
644 3;
645 7;
653 7;
654 6;
657 4;
658 5;
659 7;
660 5;
661 3;
662 6;
663 4;
665 2;
667 8;
677 8;
686 5;
698 6;
710 7;
713 6;
721 4;
723 4;
724 4;
728 6;
729 4;
732 6;
735 4;
740 1;
747 6;
748 5;
749 6;
750 3;
757 12;
759 4;
761 3;
762 3;
763 7;
766 4;
771 3;
774 6;
775 9;
777 6;
780 3;
783 6;
784 6;
786 8;
787 3;
788 1;
790 3;
794 5;
795 6;
800 3;
805 6;
808 3;
821 5;
825 3;
826 4;
829 3;
831 7;
832 4;
844 6;
846 4;
847 4;
848 4;
853 3;
855 4;
865 5;
878 3;
883 4;
886 6;
887 5;
888 9;
889 6;
891 5;
894 3;
896 5;
897 13;
898 6;
900 6;
902 9;
903 4;
905 6;
909 6;
911 4;
924 3;
932 6;
937 6;
940 4;
948 3;
953 6;
960 5;
961 4;
963 6;
966 5;
968 5;
971 4;
973 7;
977 5;
978 4;
986 3;
988 5;
997 4;

NAME: unknown 9
COMMENT: Newly Identified DDT-Related Compounds Accumulating in Southern California Bottlenose Dolphins, Mackintosh et al., 2015
Num Peaks: 228
50 204;
51 218;
55 12;
60 9;
61 44;
62 85;
63 324;
64 5;
65 49;
68 5;
73 101;
74 109;
75 406;
76 71;
77 136;
78 8;
79 7;
81 48;
82 102;
83 37;
84 5;
85 46;
86 42;
87 94;
88 70;
89 67;
90 9;
94 5;
95 5;
97 21;
98 43;
99 90;
100 92;
101 241;
102 46;
103 17;
105 15;
109 85;
110 42;
111 104;
112 25;
113 43;
114 21;
115 19;
116 5;
117 13;
118 11;
119 9;
122 6;
123 28;
124 13;
125 98;
126 53;
127 107;
128 111;
129 38;
135 13;
136 27;
137 17;
138 25;
139 42;
140 7;
145 14;
146 8;
147 25;
148 6;
149 23;
150 31;
151 36;
152 3;
159 35;
160 9;
161 25;
162 49;
163 204;
164 125;
165 795;
166 79;
167 11;
171 7;
172 5;
173 13;
174 7;
175 10;
176 42;
177 9;
178 3;
181 3;
183 4;
185 5;
186 13;
187 5;
188 9;
189 30;
190 13;
193 3;
197 3;
198 6;
199 236;
200 174;
201 135;
202 117;
203 64;
204 38;
205 13;
208 5;
212 42;
213 11;
215 3;
216 5;
218 5;
219 3;
221 3;
225 17;
227 3;
232 3;
234 7;
235 998;
236 132;
237 605;
238 89;
239 109;
240 19;
242 8;
243 3;
245 3;
246 4;
248 11;
249 4;
251 7;
254 4;
258 3;
260 4;
265 3;
268 5;
275 13;
277 10;
281 3;
283 9;
298 4;
303 3;
307 3;
309 7;
310 17;
311 9;
312 9;
314 5;
315 5;
325 3;
326 5;
327 3;
328 3;
334 3;
336 5;
342 3;
345 3;
346 7;
348 7;
349 7;
352 3;
357 4;
373 3;
374 4;
381 4;
391 3;
472 5;
482 5;
497 5;
521 3;
526 4;
528 3;
592 4;
601 4;
605 6;
619 4;
625 3;
632 3;
648 7;
664 3;
683 3;
699 3;
701 3;
707 4;
708 3;
715 5;
720 4;
723 7;
726 5;
727 7;
728 5;
731 5;
752 3;
755 5;
757 4;
763 5;
770 3;
772 3;
773 4;
774 4;
783 5;
792 5;
797 3;
798 5;
804 5;
823 5;
837 3;
848 3;
849 4;
856 3;
857 4;
864 5;
866 4;
871 3;
873 3;
885 3;
896 3;
904 3;
908 3;
911 3;
918 3;
919 3;
938 3;
948 5;
951 3;
969 3;
978 3;
979 6;
984 4;

NAME: unknown 10
COMMENT: Newly Identified DDT-Related Compounds Accumulating in Southern California Bottlenose Dolphins, Mackintosh et al., 2015
Num Peaks: 175
50 538;
51 263;
52 19;
60 66;
61 148;
62 160;
63 102;
64 9;
65 13;
66 3;
68 80;
69 36;
70 5;
71 9;
72 27;
73 163;
74 349;
75 956;
76 142;
77 65;
80 3;
81 3;
83 14;
84 107;
85 248;
86 93;
87 62;
89 60;
94 5;
95 8;
96 22;
97 45;
98 62;
99 282;
100 40;
101 72;
102 6;
103 14;
104 4;
105 7;
107 12;
108 17;
109 40;
110 31;
111 976;
112 71;
113 261;
114 20;
115 2;
117 52;
118 4;
119 53;
120 7;
123 41;
124 9;
125 10;
126 6;
127 18;
128 5;
129 6;
131 9;
132 8;
133 6;
134 20;
135 141;
136 467;
137 85;
138 101;
139 235;
140 34;
141 65;
142 8;
143 3;
144 5;
146 14;
148 4;
151 4;
152 15;
157 7;
159 35;
160 9;
161 28;
162 3;
163 6;
164 2;
165 3;
170 92;
171 335;
172 95;
173 173;
174 27;
175 998;
176 68;
177 341;
178 22;
179 6;
181 3;
182 3;
188 4;
189 4;
203 2;
205 11;
206 147;
207 36;
208 178;
209 27;
210 60;
212 4;
215 4;
223 2;
224 2;
228 2;
235 4;
246 3;
258 6;
263 3;
270 2;
313 3;
314 9;
315 91;
316 9;
317 67;
318 10;
319 14;
321 3;
333 2;
337 3;
342 2;
343 2;
350 2;
351 2;
364 3;
365 3;
379 2;
391 3;
398 2;
502 2;
505 3;
547 2;
550 4;
606 2;
630 2;
657 2;
671 3;
696 3;
704 3;
746 2;
785 3;
786 3;
789 3;
793 2;
811 2;
813 3;
817 3;
819 3;
822 3;
825 2;
829 2;
830 4;
831 3;
835 3;
845 4;
848 2;
855 2;
857 4;
860 2;
863 3;
866 4;
869 2;
872 3;
903 5;
962 2;
965 4;
970 4;
983 2;

NAME: trichloro-(chlorophenyl) ethane
COMMENT: Newly Identified DDT-Related Compounds Accumulating in Southern California Bottlenose Dolphins, Mackintosh et al., 2015
Num Peaks: 116
50 294;
54 24;
59 17;
61 312;
66 32;
67 115;
71 21;
73 226;
74 390;
75 197;
77 16;
80 15;
82 47;
84 163;
85 315;
86 165;
94 28;
95 31;
96 111;
97 145;
98 211;
99 379;
102 134;
103 117;
107 35;
108 127;
110 50;
114 12;
115 8;
120 47;
121 65;
122 27;
123 27;
125 10;
128 13;
132 10;
133 101;
134 78;
140 10;
141 10;
143 20;
144 10;
154 6;
155 21;
157 8;
160 10;
163 9;
167 12;
169 39;
170 999;
172 530;
174 86;
195 9;
205 538;
207 501;
209 106;
240 235;
241 20;
242 291;
243 32;
244 131;
245 9;
246 21;
277 5;
284 8;
293 8;
299 13;
316 9;
330 8;
349 8;
357 12;
374 6;
396 6;
406 8;
410 8;
419 6;
445 8;
450 8;
454 8;
470 6;
479 10;
486 12;
496 9;
498 6;
502 4;
507 9;
508 8;
509 5;
520 8;
521 10;
528 4;
540 12;
545 9;
550 9;
562 6;
570 13;
576 8;
606 9;
608 8;
626 6;
637 9;
661 13;
664 8;
675 10;
683 9;
710 6;
717 6;
737 13;
784 8;
799 15;
875 8;
886 8;
922 8;
958 8;
964 10;
986 12;

NAME: trichloro-(propenyl) benzene
COMMENT: Newly Identified DDT-Related Compounds Accumulating in Southern California Bottlenose Dolphins, Mackintosh et al., 2015
Num Peaks: 136
50 155;
51 157;
54 16;
56 47;
57 64;
60 62;
61 79;
62 140;
63 243;
64 49;
65 33;
72 20;
73 153;
74 231;
75 204;
76 20;
77 28;
83 21;
84 35;
85 69;
86 67;
87 54;
88 21;
89 160;
90 30;
91 32;
92 15;
93 13;
94 10;
96 23;
97 33;
99 64;
101 33;
102 8;
112 10;
113 72;
114 70;
115 138;
116 11;
123 35;
125 42;
126 11;
133 20;
136 27;
137 15;
148 11;
149 998;
150 92;
151 321;
152 54;
171 11;
181 10;
183 11;
184 10;
185 191;
186 28;
187 109;
189 16;
199 20;
201 40;
211 10;
220 62;
222 40;
223 11;
224 10;
225 11;
229 10;
232 10;
234 11;
236 11;
237 15;
238 10;
239 15;
246 8;
248 8;
250 11;
256 10;
262 8;
272 10;
274 10;
275 16;
292 10;
297 11;
303 8;
307 8;
317 11;
321 6;
327 8;
330 20;
337 8;
338 13;
340 16;
369 10;
406 8;
492 11;
497 10;
560 11;
586 11;
669 5;
670 16;
681 11;
684 13;
703 8;
722 8;
729 15;
738 8;
747 8;
748 15;
750 5;
752 8;
756 8;
763 15;
790 11;
795 10;
872 8;
883 11;
894 6;
896 8;
897 10;
905 20;
906 18;
913 5;
914 10;
920 15;
925 11;
926 11;
928 13;
931 10;
933 10;
936 11;
946 8;
962 10;
964 13;
966 11;
987 6;
989 15;

NAME: unknown 1
COMMENT: Newly Identified DDT-Related Compounds Accumulating in Southern California Bottlenose Dolphins, Mackintosh et al., 2015
Num Peaks: 66
50 325;
51 89;
52 3;
53 6;
55 1;
58 1;
59 1;
60 17;
61 66;
62 65;
63 68;
64 4;
65 2;
68 1;
71 2;
72 13;
73 71;
74 168;
75 397;
76 106;
77 13;
78 8;
82 2;
83 60;
84 31;
85 96;
86 21;
87 33;
88 5;
89 38;
90 2;
96 3;
97 13;
98 3;
99 15;
100 1;
101 4;
104 2;
108 1;
109 2;
110 9;
111 421;
112 43;
113 136;
114 9;
123 31;
124 8;
125 11;
126 1;
133 2;
135 3;
136 2;
138 2;
139 999;
140 74;
141 318;
142 18;
159 41;
160 2;
161 25;
162 2;
163 2;
224 1;
381 1;
564 1;
965 1;

NAME: unknown 2
COMMENT: Newly Identified DDT-Related Compounds Accumulating in Southern California Bottlenose Dolphins, Mackintosh et al., 2015
Num Peaks: 110
50 29;
51 155;
52 18;
53 37;
59 13;
60 168;
61 67;
62 54;
63 136;
64 23;
65 113;
67 22;
68 13;
69 88;
70 9;
72 10;
73 80;
75 743;
76 125;
77 237;
78 19;
82 160;
83 427;
84 116;
85 250;
86 26;
87 69;
89 9;
90 7;
94 11;
95 95;
97 67;
103 88;
104 140;
105 53;
106 39;
110 279;
111 238;
112 203;
113 134;
114 36;
115 35;
117 99;
118 7;
119 95;
121 37;
123 15;
124 11;
125 13;
130 995;
131 41;
132 998;
133 28;
134 266;
135 10;
136 20;
139 99;
140 10;
141 59;
143 23;
150 6;
174 33;
175 11;
178 22;
179 18;
194 7;
195 18;
197 7;
199 10;
203 10;
205 20;
235 7;
241 7;
243 6;
281 6;
323 9;
335 7;
351 6;
364 7;
378 9;
383 11;
385 10;
412 9;
416 10;
427 7;
428 6;
459 6;
477 11;
481 6;
495 10;
496 6;
500 6;
540 10;
548 6;
573 9;
574 9;
585 10;
620 6;
631 10;
683 7;
756 6;
812 7;
837 9;
921 7;
937 7;
959 9;
962 13;
966 9;
970 9;
985 7;

NAME: pentachloroethylbenzene
COMMENT: Newly Identified DDT-Related Compounds Accumulating in Southern California Bottlenose Dolphins, Mackintosh et al., 2015
Num Peaks: 121
50 298;
51 128;
52 6;
54 2;
55 5;
56 1;
59 2;
60 69;
61 127;
62 152;
63 121;
64 7;
66 2;
67 53;
68 79;
69 20;
70 1;
71 8;
72 41;
73 153;
74 251;
75 250;
76 28;
77 4;
82 35;
83 11;
84 92;
85 216;
86 148;
87 72;
88 11;
89 77;
90 6;
94 4;
95 10;
96 23;
97 74;
98 84;
99 206;
100 58;
101 83;
102 16;
103 34;
104 26;
105 7;
106 1;
107 12;
108 28;
109 47;
110 19;
111 35;
112 6;
113 6;
117 24;
118 1;
119 27;
120 9;
121 21;
122 5;
123 73;
124 27;
125 25;
126 8;
130 5;
131 6;
132 8;
133 30;
134 23;
135 98;
136 308;
137 55;
138 91;
139 8;
143 1;
144 1;
145 1;
146 22;
147 1;
148 14;
149 1;
150 1;
157 2;
158 2;
159 998;
160 83;
161 656;
162 51;
163 102;
164 7;
169 5;
170 112;
171 147;
172 87;
173 91;
174 20;
175 13;
176 1;
204 1;
205 51;
206 194;
207 67;
208 189;
209 32;
210 59;
211 6;
212 5;
240 19;
241 21;
242 27;
243 26;
244 13;
245 12;
246 3;
247 2;
276 11;
277 1;
278 19;
279 1;
280 12;
281 1;
282 3;

NAME: unknown 3
COMMENT: Newly Identified DDT-Related Compounds Accumulating in Southern California Bottlenose Dolphins, Mackintosh et al., 2015
Num Peaks: 121
50 302;
51 344;
52 34;
53 14;
54 1;
55 3;
56 1;
57 1;
58 1;
59 2;
60 30;
61 81;
62 113;
63 132;
64 10;
65 6;
66 4;
67 7;
68 14;
69 3;
70 1;
71 4;
72 19;
73 87;
74 152;
75 213;
76 93;
77 999;
78 85;
79 7;
80 3;
81 1;
82 71;
83 29;
84 78;
85 78;
86 53;
87 39;
88 11;
89 162;
90 14;
91 2;
94 1;
95 3;
96 8;
97 32;
98 19;
99 58;
100 12;
101 20;
102 3;
103 1;
104 4;
105 46;
106 4;
107 3;
108 7;
109 12;
110 11;
111 86;
112 43;
113 325;
114 36;
115 95;
116 6;
117 49;
118 1;
119 51;
120 2;
121 19;
122 1;
123 47;
124 38;
125 28;
126 12;
127 5;
131 1;
132 1;
133 8;
134 3;
135 20;
136 49;
137 12;
138 18;
139 87;
140 16;
141 897;
142 73;
143 279;
144 22;
145 1;
146 2;
148 1;
152 21;
153 1;
154 7;
157 1;
158 2;
159 92;
160 8;
161 58;
162 5;
163 9;
170 7;
171 29;
172 9;
173 19;
174 2;
175 2;
187 8;
188 2;
189 6;
190 1;
193 1;
195 1;
206 20;
207 1;
208 18;
209 1;
210 6;
222 1;

NAME: DDM
COMMENT: Newly Identified DDT-Related Compounds Accumulating in Southern California Bottlenose Dolphins, Mackintosh et al., 2015
Num Peaks: 133
50 445;
51 263;
52 12;
56 16;
58 11;
60 17;
61 85;
62 186;
63 477;
64 23;
65 69;
67 9;
68 9;
69 12;
73 141;
74 230;
75 410;
76 115;
77 44;
78 13;
81 95;
82 472;
83 75;
85 76;
86 61;
87 114;
88 34;
89 459;
90 70;
97 21;
98 25;
99 145;
100 41;
101 79;
102 13;
103 11;
110 27;
111 34;
112 8;
113 48;
114 14;
115 49;
121 6;
123 21;
125 202;
126 25;
127 75;
136 20;
137 15;
138 28;
139 62;
140 14;
143 5;
150 10;
151 13;
152 5;
161 10;
162 15;
163 115;
164 108;
165 998;
166 734;
167 93;
168 9;
173 7;
174 5;
178 9;
179 6;
196 6;
199 40;
200 26;
201 688;
202 71;
203 221;
204 42;
235 31;
236 254;
237 53;
238 161;
239 24;
240 14;
247 5;
252 10;
258 5;
268 4;
294 5;
317 4;
338 5;
340 4;
349 4;
354 5;
364 5;
413 5;
477 8;
500 4;
544 6;
546 5;
560 4;
566 4;
571 7;
572 5;
584 6;
596 4;
598 5;
602 5;
612 5;
620 7;
646 5;
653 4;
687 6;
718 9;
749 5;
764 5;
770 5;
775 5;
787 4;
838 6;
856 5;
863 4;
866 4;
874 5;
883 4;
890 5;
896 6;
899 5;
901 5;
903 5;
907 6;
927 5;
928 4;
940 6;
962 4;
989 5;

