NAME: chlorodiphenyl-methanone
COMMENT: Newly Identified DDT-Related Compounds Accumulating in Southern California Bottlenose Dolphins, Mackintosh et al., 2015
Num Peaks: 104
50 566;
51 707;
52 43;
53 20;
58 6;
61 23;
62 41;
63 46;
74 248;
75 474;
76 207;
77 884;
78 45;
81 4;
83 3;
84 3;
85 50;
86 11;
87 12;
93 4;
94 44;
95 2;
98 14;
99 7;
100 2;
101 2;
104 16;
105 999;
106 58;
109 3;
111 486;
112 2;
113 139;
114 8;
116 3;
126 7;
139 750;
140 44;
141 176;
142 10;
151 5;
152 37;
153 9;
180 2;
181 107;
182 13;
188 9;
203 2;
215 5;
216 251;
217 15;
218 59;
219 9;
221 2;
222 3;
279 2;
307 3;
309 1;
316 2;
321 2;
324 2;
340 3;
376 2;
392 2;
425 2;
441 2;
450 2;
454 2;
456 3;
459 3;
460 3;
461 4;
464 2;
469 2;
472 2;
479 4;
489 3;
509 3;
531 1;
533 2;
536 2;
556 2;
564 2;
598 2;
621 6;
652 2;
688 2;
742 2;
751 1;
754 3;
765 3;
767 1;
769 2;
800 2;
802 3;
822 3;
838 3;
849 3;
869 3;
883 2;
889 3;
895 1;
937 2;
969 3;

NAME: DDMU
COMMENT: Newly Identified DDT-Related Compounds Accumulating in Southern California Bottlenose Dolphins, Mackintosh et al., 2015
Num Peaks: 178
50 268;
51 221;
52 40;
61 52;
62 147;
63 231;
65 33;
70 24;
72 24;
73 144;
74 394;
75 601;
76 92;
80 21;
84 18;
85 110;
86 126;
87 101;
88 456;
89 43;
92 30;
93 83;
95 61;
98 138;
99 92;
100 49;
101 135;
102 18;
104 21;
105 98;
106 95;
107 36;
109 58;
110 43;
111 80;
113 80;
114 36;
116 30;
122 21;
123 141;
124 43;
125 117;
126 67;
127 27;
135 36;
136 33;
137 36;
138 24;
139 533;
141 107;
142 27;
144 24;
149 70;
150 104;
151 120;
152 27;
167 21;
168 40;
173 18;
174 92;
175 80;
176 524;
177 228;
178 36;
179 18;
184 36;
189 36;
195 24;
198 30;
201 40;
206 18;
209 36;
211 86;
212 998;
213 181;
214 231;
215 27;
216 36;
219 49;
220 30;
224 27;
227 21;
228 33;
231 24;
232 24;
238 15;
239 27;
246 52;
247 135;
248 80;
249 114;
250 52;
256 24;
257 61;
258 27;
260 24;
263 18;
266 33;
267 27;
268 36;
275 234;
276 21;
277 129;
279 36;
280 49;
282 157;
283 43;
284 132;
285 24;
286 21;
287 24;
288 30;
289 163;
290 27;
291 114;
292 52;
294 30;
303 18;
308 15;
317 15;
322 15;
323 15;
338 27;
341 21;
349 15;
355 27;
365 21;
384 21;
418 18;
426 24;
429 15;
433 27;
436 15;
459 15;
461 24;
481 15;
483 15;
495 30;
502 30;
503 24;
506 21;
507 18;
509 21;
512 18;
513 18;
514 24;
524 15;
526 15;
531 18;
535 21;
545 21;
548 18;
557 33;
558 24;
559 21;
578 21;
586 18;
595 24;
596 27;
598 30;
599 27;
605 24;
609 15;
610 30;
611 21;
618 15;
635 24;
651 24;
656 18;
678 18;
698 30;
700 18;
716 18;
740 18;
762 24;
898 27;
931 24;
936 24;

NAME: DDT
COMMENT: Newly Identified DDT-Related Compounds Accumulating in Southern California Bottlenose Dolphins, Mackintosh et al., 2015
Num Peaks: 236
50 373;
51 199;
52 11;
55 14;
56 4;
60 22;
61 62;
62 142;
63 183;
64 10;
67 8;
68 11;
69 12;
70 3;
72 18;
73 116;
74 286;
75 471;
76 66;
77 31;
81 38;
82 199;
83 19;
84 49;
85 94;
86 93;
87 135;
88 139;
89 28;
90 2;
92 16;
93 25;
95 3;
97 26;
98 88;
99 161;
100 71;
101 79;
102 7;
105 91;
106 57;
107 10;
108 13;
109 29;
110 39;
111 71;
112 18;
113 32;
114 12;
115 12;
116 4;
117 90;
118 2;
119 94;
120 5;
121 33;
122 20;
123 80;
124 34;
125 17;
126 15;
127 3;
132 4;
133 11;
134 15;
135 45;
136 145;
137 46;
138 50;
139 22;
140 5;
145 2;
146 11;
147 5;
148 11;
149 24;
150 38;
151 25;
152 10;
159 3;
160 13;
161 9;
162 17;
163 125;
164 110;
165 751;
166 93;
170 21;
171 23;
172 15;
173 31;
174 29;
175 43;
176 156;
177 25;
178 11;
185 5;
194 1;
199 185;
200 117;
201 72;
202 30;
203 7;
206 6;
208 13;
209 3;
210 19;
211 7;
212 132;
213 19;
214 34;
215 3;
217 2;
220 3;
222 2;
223 2;
224 2;
225 2;
228 2;
233 3;
234 7;
235 999;
236 132;
237 639;
238 82;
239 95;
240 10;
241 2;
244 1;
246 63;
247 21;
248 34;
249 7;
250 5;
251 3;
269 2;
281 5;
282 9;
283 6;
284 22;
285 3;
286 3;
313 1;
315 1;
316 4;
317 10;
318 3;
319 9;
320 2;
327 2;
332 1;
334 2;
336 2;
352 2;
353 2;
354 11;
355 4;
364 1;
386 1;
394 1;
402 1;
406 1;
418 1;
419 2;
427 2;
430 2;
449 1;
452 1;
478 1;
481 1;
485 2;
488 1;
494 2;
500 1;
504 1;
510 2;
572 1;
577 2;
579 2;
589 3;
590 1;
593 2;
608 1;
620 1;
657 1;
687 1;
689 1;
708 1;
710 2;
730 2;
747 2;
748 1;
753 2;
758 2;
775 1;
796 1;
799 2;
811 1;
820 3;
825 1;
833 1;
839 1;
842 1;
844 2;
845 1;
847 3;
849 2;
850 2;
860 1;
866 2;
867 3;
870 2;
876 1;
878 1;
887 2;
894 1;
903 2;
907 1;
913 2;
922 2;
923 1;
924 3;
944 2;
952 1;
958 1;
959 2;
961 2;
962 1;
963 1;
964 1;
970 1;
971 1;
978 2;
989 2;
995 1;
1000 1;

NAME: DDM 
COMMENT: Newly Identified DDT-Related Compounds Accumulating in Southern California Bottlenose Dolphins, Mackintosh et al., 2015
Num Peaks: 123
50 515;
51 350;
52 73;
60 21;
61 100;
62 230;
63 404;
64 70;
65 43;
68 19;
70 19;
72 16;
73 103;
74 276;
75 363;
76 59;
77 70;
81 51;
82 477;
83 46;
84 24;
85 62;
86 100;
87 119;
88 24;
89 450;
90 57;
91 62;
98 86;
99 181;
100 73;
101 40;
103 24;
109 16;
110 35;
111 62;
113 73;
115 57;
117 19;
123 35;
125 255;
126 19;
127 59;
135 24;
138 35;
139 81;
144 16;
147 21;
150 13;
151 46;
155 16;
161 24;
162 16;
163 154;
164 160;
165 999;
166 749;
167 62;
199 57;
201 800;
202 114;
203 230;
213 24;
225 16;
230 19;
236 255;
237 54;
238 173;
240 40;
268 21;
277 13;
293 19;
331 27;
332 21;
345 16;
347 13;
375 13;
400 13;
412 16;
453 21;
479 16;
481 13;
490 19;
493 24;
500 24;
504 21;
505 24;
506 13;
527 27;
548 13;
554 19;
562 32;
565 24;
567 21;
575 16;
577 16;
589 19;
595 32;
613 13;
634 24;
639 29;
652 19;
654 19;
718 13;
836 13;
839 13;
884 19;
892 13;
922 16;
938 27;
941 13;
944 21;
948 16;
951 21;
955 19;
956 13;
965 13;
966 13;
977 24;
979 27;
989 27;
992 38;
999 13;

NAME: DBP
COMMENT: Newly Identified DDT-Related Compounds Accumulating in Southern California Bottlenose Dolphins, Mackintosh et al., 2015
Num Peaks: 73
50 231;
51 90;
52 5;
53 8;
55 1;
60 6;
61 29;
62 19;
63 23;
64 1;
72 6;
73 37;
74 174;
75 566;
76 120;
77 22;
78 1;
80 1;
84 21;
85 61;
86 20;
87 27;
88 2;
89 1;
93 23;
94 7;
97 3;
98 9;
99 8;
100 2;
101 3;
102 1;
104 6;
105 1;
108 2;
109 4;
110 19;
111 514;
112 47;
113 163;
114 11;
122 2;
123 1;
125 4;
126 3;
138 3;
139 998;
140 80;
141 338;
142 25;
149 2;
150 18;
151 22;
152 30;
153 3;
160 1;
163 1;
179 1;
180 1;
186 4;
187 1;
188 1;
214 2;
215 13;
216 3;
217 4;
222 1;
250 124;
251 18;
252 83;
253 11;
254 13;
255 1;

NAME: DDOH
COMMENT: Newly Identified DDT-Related Compounds Accumulating in Southern California Bottlenose Dolphins, Mackintosh et al., 2015
Num Peaks: 173
50 132;
51 105;
53 33;
57 14;
61 97;
62 170;
63 369;
65 12;
69 21;
72 25;
73 94;
74 133;
75 204;
76 69;
77 30;
81 80;
82 283;
84 43;
86 92;
87 92;
88 32;
89 118;
90 16;
92 11;
97 33;
98 63;
99 60;
100 61;
101 61;
102 15;
103 11;
110 28;
114 32;
115 50;
123 9;
126 14;
127 11;
137 14;
138 22;
140 42;
143 12;
149 19;
162 32;
163 209;
164 149;
165 998;
166 76;
167 18;
176 14;
180 18;
183 11;
196 8;
199 195;
200 69;
201 98;
202 21;
203 11;
220 12;
221 14;
227 12;
235 631;
236 102;
237 394;
238 46;
239 49;
243 8;
245 16;
254 11;
255 9;
267 22;
277 19;
278 8;
281 15;
284 14;
308 8;
314 7;
323 8;
331 9;
332 14;
335 9;
354 9;
356 8;
357 15;
360 16;
362 7;
365 14;
366 9;
367 9;
370 11;
371 11;
373 7;
377 15;
383 8;
393 7;
402 14;
412 8;
413 19;
421 9;
422 11;
427 8;
434 8;
438 12;
442 12;
444 12;
445 8;
448 15;
453 8;
459 8;
466 16;
470 8;
472 8;
473 9;
475 16;
477 9;
479 14;
482 14;
488 7;
490 15;
491 7;
494 11;
498 11;
499 9;
501 7;
502 9;
503 12;
508 11;
510 7;
512 11;
517 16;
527 11;
529 7;
530 8;
578 9;
582 9;
587 8;
601 7;
619 8;
639 9;
640 9;
655 12;
656 7;
669 8;
735 9;
767 9;
788 9;
811 7;
820 9;
822 9;
828 12;
834 8;
836 14;
871 8;
877 14;
911 12;
916 15;
922 11;
926 15;
931 11;
932 11;
938 7;
939 8;
951 15;
962 9;
963 14;
964 15;
966 8;
967 7;
970 8;
979 9;
981 9;
986 9;
989 9;
992 9;

NAME: DDE
COMMENT: Newly Identified DDT-Related Compounds Accumulating in Southern California Bottlenose Dolphins, Mackintosh et al., 2015
Num Peaks: 172
50 287;
51 182;
52 10;
55 10;
56 2;
57 1;
58 1;
60 35;
61 116;
62 145;
63 129;
64 9;
65 1;
66 2;
67 11;
68 11;
69 3;
70 4;
71 3;
72 29;
73 153;
74 348;
75 391;
76 50;
77 13;
78 1;
79 5;
80 7;
81 17;
82 25;
83 7;
84 77;
85 118;
86 146;
87 323;
88 173;
89 9;
91 2;
92 45;
93 39;
94 10;
95 1;
96 19;
97 66;
98 169;
99 212;
100 42;
101 25;
102 4;
104 31;
105 364;
106 122;
107 10;
108 41;
109 68;
110 122;
111 108;
112 18;
113 30;
114 8;
115 2;
117 1;
118 1;
119 3;
120 14;
121 24;
122 160;
123 232;
124 100;
125 72;
126 30;
127 23;
128 19;
129 5;
131 4;
132 10;
133 23;
134 39;
135 71;
136 33;
137 57;
138 26;
140 90;
141 80;
142 29;
143 4;
144 3;
145 5;
146 13;
147 21;
148 17;
149 64;
150 88;
151 22;
152 2;
157 1;
158 3;
159 8;
160 39;
161 17;
162 22;
163 34;
164 13;
165 1;
169 3;
170 65;
171 14;
172 55;
173 30;
174 159;
175 179;
176 507;
177 78;
178 5;
182 3;
183 4;
184 25;
185 15;
186 16;
187 4;
188 2;
194 3;
195 1;
196 4;
197 7;
198 5;
199 13;
200 2;
201 3;
207 3;
208 5;
209 12;
210 136;
211 50;
212 51;
213 17;
214 3;
220 7;
221 1;
222 3;
233 20;
234 3;
235 14;
236 2;
237 2;
244 11;
245 37;
246 999;
247 189;
248 663;
249 110;
250 108;
251 15;
267 1;
280 31;
281 53;
282 43;
283 51;
284 24;
285 18;
286 4;
287 2;
315 2;
316 322;
317 54;
318 421;
319 69;
320 201;
321 32;
322 44;
323 6;
324 3;

NAME: unknown 1
COMMENT: Newly Identified DDT-Related Compounds Accumulating in Southern California Bottlenose Dolphins, Mackintosh et al., 2015
Num Peaks: 59
50 145;
51 71;
52 4;
53 3;
60 5;
61 21;
62 42;
63 102;
64 14;
65 9;
72 3;
73 40;
74 75;
75 265;
76 64;
77 8;
81 1;
82 3;
84 7;
85 25;
86 11;
87 17;
88 2;
89 126;
90 34;
91 2;
97 2;
98 2;
99 43;
100 1;
101 12;
102 1;
104 14;
105 1;
109 1;
110 7;
111 346;
112 24;
113 109;
114 7;
123 1;
124 1;
125 79;
126 5;
127 23;
128 2;
138 1;
139 999;
140 80;
141 309;
142 23;
143 1;
163 2;
164 2;
165 6;
166 1;
199 1;
264 3;
266 1;

NAME: unknown 2
COMMENT: Newly Identified DDT-Related Compounds Accumulating in Southern California Bottlenose Dolphins, Mackintosh et al., 2015
Num Peaks: 92
50 77;
51 66;
53 12;
58 122;
60 12;
63 54;
69 15;
70 11;
73 76;
81 83;
82 64;
84 24;
86 33;
87 54;
92 11;
94 18;
97 5;
98 31;
99 61;
100 20;
106 11;
111 177;
112 70;
113 188;
118 15;
127 5;
133 15;
137 14;
138 7;
141 131;
151 18;
163 188;
164 184;
166 8;
172 8;
186 10;
197 4;
198 23;
199 999;
200 99;
201 307;
202 46;
215 17;
234 406;
235 69;
236 240;
251 34;
253 27;
259 10;
263 10;
271 8;
280 10;
282 24;
284 5;
291 30;
292 73;
294 44;
336 8;
377 7;
481 8;
526 14;
578 18;
592 11;
601 10;
630 11;
631 7;
634 11;
640 10;
647 8;
697 11;
707 8;
712 7;
714 4;
749 8;
762 7;
783 8;
796 10;
813 8;
843 8;
853 8;
861 10;
897 7;
906 10;
926 11;
931 10;
932 8;
940 8;
950 18;
959 10;
969 12;
980 2;
983 8;

